7436
85604
90564
81794
28459
95759
91641
61009
33952
40646
30267
70111
28664
24979
89316
25573
51823
66297
291
60058
15568
65079
60313
68474
29409
71151
20270
60320
37679
21464
74731
6318
84074
98756
61951
24601
54935
61612
20909
41167
53123
17249
4649
14677
68621
43126
17176
37627
84485
91723
74956
78808
25904
70604
41184
57660
40030
41745
16531
27007
1489
66704
88129
47437
14822
74566
88403
80156
93158
60780
8132
10068
23132
62474
39075
37125
55310
97504
31639
52956
18872
86553
90897
59919
35347
84385
2605
88662
95364
89321
52533
97829
22504
3762
56022
80342
90693
39535
5051
15489
27962
80241
75665
18314
13657
30729
85542
35957
27442
96934
66900
52207
80598
95272
93871
82350
47873
49893
90429
73219
21269
62563
70105
42270
74652
3271
14402
23891
27675
91988
40878
67078
21566
99254
57209
29343
13601
3534
26578
73029
91917
21976
61559
61855
64120
92925
13582
66649
22077
55767
87434
24119
57764
53389
87214
44490
36418
13447
79061
96754
41311
73385
45329
43538
90131
99376
71204
72104
65034
71816
74818
2572
58289
53463
11276
84915
88251
35800
43293
79074
9027
53166
73868
9935
74041
99762
18536
20798
45126
23622
90514
83516
53702
32722
93814
93775
30671
6092
96042
87217
26058
31858
11292
94255
53191
6445
23072
20517
71941
42518
82895
54100
53450
81803
70294
43485
67345
94810
59496
35835
37806
67012
84474
42580
88991
96186
57145
11791
28703
50322
38424
37831
42531
49003
76299
55822
56918
8685
58493
55307
58441
46406
18202
94243
97022
98471
46712
26568
2706
64876
21864
31443
22409
80684
51086
99175
38917
42343
33343
2877
75280
48757
27852
7994
77624
3935
80262
41972
77500
37652
83002
85321
33528
47812
84324
42386
57098
77224
63370
23785
7043
52150
4180
27542
23721
68360
88999
92122
70063
46555
2508
48473
78054
16361
42967
46939
85063
51299
65503
6438
47303
86605
93
9741
99751
23661
37448
53655
92524
20537
13584
84210
92481
11764
62709
38607
99325
67662
62292
2555
46571
79548
55074
35439
62257
35925
19859
35935
76180
56174
10463
22603
73361
76737
60476
64151
85046
11202
20847
20445
70363
60244
58970
32845
53580
96841
79448
67863
28532
19124
14760
22225
82073
83638
77492
3583
8382
16986
7572
96246
7557
20748
34215
41286
85985
50749
22442
23512
94965
55492
95808
42843
95057
50179
97649
36738
52436
11360
59769
50996
76724
65244
67440
86873
61208
40881
68165
40180
75857
72371
94568
71071
40054
86725
50158
14837
81828
32645
2184
77884
87911
96776
58386
68627
95139
39929
24650
67186
79707
10895
39219
81698
44786
22260
43031
91926
8505
89106
51477
27548
61930
15184
97586
16541
32160
94278
91413
62364
99072
76962
9965
92774
4910
88548
38829
4062
35459
80316
64484
52274
77717
41950
61431
27477
35843
82709
11977
37528
15238
31282
63444
55987
40091
62089
31587
71733
33673
11909
39477
70689
7580
53026
66934
51438
88811
8188
42447
92083
1881
61659
92836
4042
40562
49452
76926
71325
55732
44674
3775
80229
79859
22619
57825
48402
94954
4343
80259
10775
10153
76496
33270
57157
47708
45411
84066
3358
52974
82802
29914
98693
7145
83693
97296
40468
28434
56240
15130
30263
89875
2667
27348
63303
25422
98082
25696
80335
24431
15461
90657
54392
43563
2456
86250
69383
55992
72987
75927
5414
12893
63209
47906
19564
41732
9972
9341
8589
11358
47636
43962
7523
13632
83612
18797
13036
83119
47596
42616
18942
73178
2141
93581
25279
80131
54170
3970
54566
69169
48752
63946
18910
41691
54304
35819
5424
90984
92619
2362
76333
18303
23446
98421
80432
33674
18953
87819
67720
96128
5834
43018
35674
92923
44846
73719
83524
27155
90018
92434
41652
43227
36591
34568
78102
77172
37705
21223
58239
11617
3971
16065
53008
76697
22609
53333
96127
82619
95427
78445
14900
66548
78374
26749
67158
1493
2561
28361
54366
8028
8691
72290
51210
22724
41999
96526
51047
14848
85727
91890
23357
87930
89079
47564
57103
48990
45696
83278
73729
89434
21395
5477
48455
31390
56544
24779
93008
21188
52675
90509
22681
28708
64137
65782
1089
62858
34421
25333
89633
57679
25025
78038
43441
70566
59783
6016
49780
75680
82309
48194
24241
66863
93246
57391
25053
43523
54375
81871
62188
74703
31543
22735
2137
60389
3075
20715
61401
63979
8385
2502
82137
24455
4497
48655
51395
53298
93346
78800
83269
2725
96773
96114
23028
11347
79016
29498
32708
3586
78864
49972
22094
27250
77508
3631
67687
76480
47164
63650
86747
74413
82402
41202
18689
80859
53051
21590
20316
57061
29786
10852
47368
8998
25070
1519
54612
79029
67294
89246
87620
24726
78860
69032
76040
10164
19187
60653
26820
65925
99276
44569
80749
45439
746
88587
7622
52111
29630
35539
58901
97325
97693
40374
69296
46648
16656
23179
15058
55630
3748
89183
15221
48271
86702
8065
15453
27394
73467
65163
58832
90068
11548
82886
76426
50169
91136
76122
55419
75312
63332
99416
22105
41381
97492
41200
44535
39007
18757
23041
74121
22539
32087
12550
83173
94380
90964
36339
33851
868
49202
94923
93612
3777
14004
91173
20726
30020
83131
92455
85401
11118
28745
90993
94671
96063
95344
2305
58932
39840
68266
43965
13621
87605
74215
89658
63670
93452
77355
63226
55163
24895
51693
98710
80928
15945
90437
76414
73376
55704
31533
40895
29205
60922
92819
54467
40370
25969
67445
90960
79000
45000
28304
23481
55260
62194
75470
12323
94244
7706
86808
70764
96793
36663
48971
72487
99882
37175
53116
34157
73608
98183
17601
45139
44196
81953
21341
80260
18751
63203
66088
29079
77962
49553
58686
56087
54761
87091
19946
76223
58511
46630
82536
95481
26001
33390
75311
5363
94091
62233
36335
32294
50031
55836
41211
82299
14583
13341
81321
53805
84309
98947
65212
41248
21436
48107
17615
97895
43016
95546
74848
39122
93735
57417
82630
14488
1909
51663
60253
56871
43741
56978
57451
97383
6164
43073
83816
8211
35208
18090
21405
89589
49579
43977
53248
60502
30838
25361
11327
69477
90128
25513
44095
24489
93704
99374
33831
43969
61421
89835
21092
77420
32923
82777
78794
76661
69381
76866
82124
42703
89961
1522
67483
87904
2235
60349
74883
9501
77659
51186
64767
26958
76558
79798
43502
39656
27166
80449
86286
78729
61871
81234
33141
5441
8867
18705
61526
15400
40137
1358
84932
36184
57711
58492
42775
54608
9475
90394
62197
16439
28417
3603
58360
96744
75672
28699
71688
98206
24168
64294
92518
23389
85351
73240
55023
83079
75134
87826
31631
4312
46373
79697
39836
12065
25125
99312
89255
90899
17064
64393
95988
4249
78954
79866
61306
50698
24604
32139
28826
64468
44979
16784
35796
13014
27210
41190
57718
20037
16218
82829
77409
63532
99543
86265
73621
63187
99501
262
47263
65800
39505
75180
238
58200
24221
85093
6275
22556
61780
6782
82180
59050
31299
13800
47395
96149
15434
95282
67033
7509
75050
43451
41028
70200
32303
80943
36924
45347
57398
83683
61617
71970
51533
35741
91958
84859
83257
7176
96266
77860
96825
38306
52105
67765
21094
64845
46201
51115
94397
73625
49113
14122
93519
17577
55313
62353
44212
886
94282
35605
85886
99164
10318
57058
39594
57272
15662
63421
24427
70523
33978
60652
41001
19578
56193
1614
45707
9530
91217
47522
32120
83216
60213
65018
62824
60462
40117
15230
63268
37755
92294
81134
12993
63353
25079
21490
88725
47748
62948
76854
91444
10497
66895
76978
68056
67820
31360
52878
67978
53101
72697
52797
53985
33476
20683
2899
38234
65466
5184
37894
16014
50468
1820
53690
19664
45502
8993
91183
29440
66276
51215
56556
11195
62669
11371
37383
71038
81643
62638
62497
44675
77551
84771
89364
3620
48442
74611
11411
99170
14893
16740
58370
53175
98335
50156
14903
28808
95463
62258
3151
65205
15374
17794
21236
72890
94894
39624
96653
82290
2647
18624
79997
79308
4402
87593
15467
67457
88547
79980
64973
23847
15993
26288
1105
64046
33103
61437
40340
17543
99555
45614
21664
26298
87700
74069
55881
91273
20566
46902
29065
51080
11233
71084
95704
3628
43881
90832
45291
45009
64786
37796
67731
9830
6814
11635
25385
94849
53017
65176
78918
32673
70730
40963
50956
78134
92868
9587
91220
50400
55557
66078
74843
69218
43886
62535
18162
50978
49642
13676
95584
43066
70137
3343
18749
21404
13640
41943
30137
40194
39055
59702
69385
46040
81435
48045
39334
94327
71286
36755
15373
93057
29229
12979
78722
14632
4002
93767
25606
29102
84744
95252
91433
43202
80587
71687
21064
70319
73407
13597
16167
98224
21372
29603
77312
91691
7480
93844
14197
70134
498
17317
7772
5844
78066
84777
62182
83323
80293
91730
16442
47321
19088
62206
23237
81528
9886
89098
29027
76532
10685
84533
3841
33110
34218
54189
99107
2824
77276
99492
7793
38141
27060
92948
57897
5972
67224
81035
55804
6284
1395
37317
47936
5612
16207
60357
45940
65012
98096
54411
31753
37466
87111
80110
30107
90785
77129
84238
76585
70186
37267
10360
67119
61287
56248
47826
52834
80115
90870
22952
87304
965
58495
19460
5076
89832
36903
68195
97420
74654
28293
79450
2685
59764
32447
79936
74500
42675
33574
51001
28085
52241
82613
33956
35876
82714
8309
23999
91105
21896
13647
19659
20489
85884
82498
93916
39889
47267
87507
20430
44909
82553
92109
99887
94937
19323
93924
42258
49965
84025
83228
65793
98895
4020
67933
74140
95685
50265
20787
1228
58904
93188
22589
53691
51360
38207
18594
29695
50416
31108
48032
36046
75108
443
96755
74228
47336
366
83147
93643
318
30240
531
57803
77992
41621
59549
47787
26703
82519
99761
99850
61786
74051
680
93618
70662
10055
47299
74341
30329
5008
90338
10749
41515
7628
55366
10904
82984
44896
67807
83033
76601
9597
74695
22320
35216
67800
14253
84738
37367
96308
16092
57861
9535
20810
90268
89441
97540
55725
18416
41496
5234
30867
82223
21697
34232
90402
54641
47474
6146
56700
64644
70352
64198
95720
37377
46741
58319
81951
6211
70578
18513
14411
2576
15394
51284
70851
79040
72436
37683
80962
13388
30502
79526
79219
35456
47816
62450
37162
31065
43363
52601
83685
82751
6042
98312
1651
46870
25356
85847
58329
31640
51714
98110
63041
7155
44135
68431
95619
45012
69840
8350
86314
88632
18564
66948
84763
93963
32698
70077
79133
36267
56657
21496
26260
91735
98963
10220
44482
85398
25179
14686
18586
53489
64146
11324
54750
99687
99620
31064
10058
70181
52987
18310
30857
56762
68009
24524
6118
64870
72111
38252
96208
83184
94563
63969
86744
98406
58096
50929
90393
29083
19421
98789
79569
82478
11370
37706
24833
27390
83365
40210
46770
14195
90487
96340
93310
18695
36161
82956
23556
87245
81023
28038
18704
38821
29044
49845
22131
84382
82447
66326
20613
93382
67812
29684
23653
17144
1185
23005
82980
3394
14615
41374
5810
90624
27219
87393
69209
19702
32118
9604
64122
49348
75202
54081
90085
62220
10831
32224
33019
4512
36785
41763
22403
36192
41197
81112
92064
85263
76438
55059
44282
49391
52799
8630
11279
81074
28266
70902
16407
62441
44176
74497
20326
88353
4366
29019
21065
5642
63488
43559
75118
84803
42229
92286
65515
38633
96344
35750
48538
14734
36699
5457
85784
30674
5356
8209
85857
68860
59661
61634
10598
1180
15809
96318
78705
46690
39504
74144
14945
71630
90254
11647
38383
4664
83709
62651
98061
13608
95087
68015
52607
9090
91906
11376
4361
698
43220
86213
47053
3542
16372
40906
33892
96385
62163
97525
12461
12248
64025
861
94664
66434
89764
50565
62687
34825
72182
8407
91617
23468
7257
85840
23188
55330
18944
14289
23058
22889
47993
89686
53585
16164
99993
94724
70746
87800
72529
86592
55451
18810
91244
19243
11598
13091
80820
59847
3090
79225
63414
38893
24869
90227
89142
96153
87888
93104
29445
92367
7459
35755
28841
52754
39137
45620
8821
8395
46345
41887
66973
16090
36513
4997
5505
32892
22413
93179
19489
53812
12967
32247
3828
34895
73588
93286
2006
74952
2218
89137
10451
65984
25271
57789
96600
84574
12566
33962
20995
86340
32265
48108
91529
70632
28162
20217
38196
80876
38393
55950
24795
89027
79985
83913
99636
80101
96621
54654
43351
44907
8013
570
61674
78069
57168
73665
36858
93042
9292
9175
16538
67230
33415
14113
3232
35931
2621
52833
29290
53846
35381
5519
96269
26118
68289
92822
87457
46985
35447
40271
6088
64658
15036
44667
74114
57801
61390
7279
91545
9318
92953
88386
43071
422
84847
7184
21900
98579
18338
68701
64075
7909
25194
4278
9578
23697
57322
59922
89048
39265
46684
68074
24898
37496
40669
50768
72553
2224
64033
9345
80530
33618
33235
92262
79432
71843
72175
92287
33032
9272
53731
24122
82982
8813
25734
22836
34975
87802
81408
47416
87472
13433
8664
1893
11802
70753
8296
5077
63204
83765
80641
5807
96417
39361
23892
57016
28873
93771
66279
68950
63335
99880
3254
62826
50999
28430
30062
84131
97934
31496
11720
14886
98438
1855
53382
45755
38265
8718
40360
34561
97358
12541
29891
57469
30185
62431
6515
39973
71074
85826
12150
19217
62146
37519
25834
44190
94936
35870
1377
48476
96795
27186
81856
16992
93466
50578
62238
22017
88867
38577
35158
91222
1517
95446
64133
50261
41474
61141
92716
68595
7358
15776
78957
56160
20212
96570
70340
85017
48725
76829
82898
5652
82723
57275
739
24882
7239
38702
23745
7665
3117
12077
26507
391
13939
59191
19196
42213
37861
93287
28380
76420
32409
19690
64675
33026
16598
88588
47294
49740
45161
79986
99299
3278
18829
31795
88653
63065
38784
82038
81734
31632
7373
93986
43915
85642
1402
65143
14595
87354
29502
77309
22579
16085
13229
1484
89576
99273
49199
87370
17239
7075
36056
463
50562
14927
62394
97917
68226
59626
14827
10578
387
70752
69631
59082
27849
20355
90576
17918
74834
167
42971
9598
47129
66876
51292
82346
36546
33559
53557
86349
93964
20117
77125
45474
1479
17722
50748
35351
97241
2108
54110
19485
56423
31826
70419
43120
7603
82999
30218
84508
95416
89509
17054
40152
6924
43064
77126
57878
55123
61327
10365
23170
72904
28696
43489
63459
4240
8766
56955
22982
42928
68803
1526
36043
10374
75541
15671
40666
20495
71217
7564
70007
61486
48327
61807
41989
100
12225
64684
64306
84370
26401
30449
77079
93420
97037
75595
8840
94797
16317
60440
91092
49641
62281
78717
48501
94425
48878
94239
51025
9795
87373
39694
51411
28647
54433
94308
65116
11640
33421
49426
32519
65197
70874
17321
40553
28060
78194
41840
23601
12100
63265
14165
93833
18456
32067
58526
49744
36962
94775
74396
65703
77608
12040
26242
71833
11471
22726
36820
27660
46925
17596
1520
45619
58930
78010
82330
50353
47565
90512
71670
25174
54123
76798
37976
48294
10054
34926
54718
49750
589
24290
79177
54202
54806
189
59442
88365
6465
545
24561
24731
1991
99793
75148
11299
30167
45744
84796
77023
72014
96270
33009
7063
81868
87698
44645
16659
75948
2335
92849
82804
92256
13534
20676
8531
84204
94057
48135
81251
68969
61733
79089
84028
29645
29615
34784
28163
60715
31127
14745
2918
87958
45265
65155
40073
32870
72215
61975
35633
55556
1862
12916
64368
62303
40252
76736
48749
40693
17268
30305
19655
97973
65498
4490
3125
82219
65211
6930
20045
89353
37350
42164
98992
34123
78635
71238
70603
54050
37813
50290
98277
40657
97058
75819
73905
97905
28665
75615
34666
69543
656
89858
6471
83846
78626
78305
78153
28860
79727
61602
85921
26357
20593
79766
88782
40857
28720
43799
85182
36472
33589
39851
12755
28629
68753
48795
28374
12449
97389
85694
18443
38632
35428
58427
56366
23378
10857
97598
81895
49385
23856
18430
83900
47720
67459
82972
37056
14173
31568
57538
93224
11474
20112
66921
72860
85399
81963
11171
97592
27403
48130
63754
24827
3863
24789
7493
76559
64480
17750
46274
30420
95336
37572
28801
64130
97798
31048
64751
79685
93835
19924
75032
25692
15148
36871
22297
44347
92347
47045
763
78885
32249
52034
44598
92075
21462
73626
20194
93608
85925
73846
39035
14919
42854
27568
19316
59846
80359
88259
14087
6953
53443
47341
16507
40880
26843
26292
4320
82298
19819
73715
576
11796
62572
60151
86414
65863
18432
68018
20108
69202
59391
72276
91634
21318
53194
54470
30200
89995
23376
43276
53057
76608
89841
44148
80785
26104
14467
46031
70971
12284
26718
44389
35438
22580
16083
70314
63957
41148
99037
17919
23246
37292
16116
23725
14242
64620
58282
64838
64790
7847
66918
67573
21371
16166
90828
23776
57713
40554
49936
77302
65263
33730
45825
42732
26907
50237
99798
66908
92213
72735
7980
91041
35954
96346
49162
33629
25381
35699
28957
99646
23654
21336
94136
95408
65338
85563
86890
34921
33510
76562
50722
60586
99441
25713
25601
85435
70813
60991
87238
95500
55284
15806
91591
77724
51862
79901
84355
30668
26366
71586
53617
69423
10239
98384
15456
43804
34675
97188
97548
28981
21171
25027
70653
25842
61062
86575
8974
55974
38742
41319
91764
78518
24579
19197
69196
24819
15762
39497
86268
1406
14741
73146
44334
10304
57775
82683
92912
4378
72068
94699
89553
4352
30893
27286
30595
67471
58946
28789
24539
43967
8720
60098
86398
61799
1111
62650
75099
93013
58797
5303
92576
60311
31262
56964
79043
91698
21187
3692
74226
52711
80198
49075
32783
20760
64601
17335
46398
9457
42478
29612
36274
45319
98346
26492
31998
93007
77025
64699
59363
20944
56607
97797
4358
90908
64225
75073
12237
15016
15612
92828
93145
7415
37888
12784
12200
36723
94394
85849
96929
22732
44833
45142
73344
12518
71827
70384
36849
54651
11806
36771
10501
16611
68628
45935
13255
73477
10214
69458
57128
56090
91322
55017
98643
15824
23141
51861
97217
35532
64627
58773
60760
54613
42282
41505
38615
85054
11152
19461
17188
29724
45408
83549
36354
61633
19190
23482
91985
98065
36208
13033
68034
73707
81702
43002
20052
22198
38508
67181
50858
33015
6991
80023
63638
39545
96356
63666
92752
59991
56291
51828
58356
16483
39486
75638
80135
46918
6208
7171
23317
23467
92617
91789
28480
96278
23362
60110
99872
11875
10070
24203
47619
91259
45570
78502
1574
46095
31399
29315
7979
99650
97213
82396
9473
48169
15147
73583
14907
98795
62030
26518
81130
53584
82130
45524
79314
5183
26890
44693
22823
44818
24179
27937
30751
43499
40948
92134
51894
56726
60105
30709
90013
13661
92149
67504
63371
64637
9987
27671
5266
40368
15378
42903
50412
64974
92254
82827
52345
83659
13020
74296
65393
47969
37626
30541
88441
85777
57738
86074
88104
15829
47613
44911
88444
97761
11486
86161
24090
31667
25819
30800
13825
20498
4041
22852
75275
36403
87347
14417
96431
32980
75955
75323
14329
22492
47496
79367
34373
70486
15527
16326
81604
13425
49224
35910
46788
17113
91303
99615
82454
36901
91035
78083
46551
85283
87349
65130
20345
10046
61011
14384
61188
26226
44511
81038
72638
28036
49661
74327
51764
17369
85344
50730
73470
36132
43772
55572
97457
23526
81183
64357
87326
3216
27121
46185
48646
50899
39867
72686
87901
31759
49820
43863
11606
9599
42053
33769
554
12827
31211
93751
11743
7611
40448
82568
65615
11033
76571
39959
29604
66478
36908
49645
32487
91729
44350
8849
27041
88552
43740
37261
17494
77250
28792
53225
47980
64060
94657
92482
81522
77226
78411
34716
60469
1240
2069
20373
45452
95176
22577
1126
12419
72438
98404
97021
86149
95555
92317
79441
22886
37431
15328
79531
31388
45877
80170
78212
97720
24924
37667
41273
53727
66735
88658
62120
89638
33399
67986
14136
12923
34028
49721
77923
40680
63240
52847
73137
29909
82813
57049
83499
67819
46172
73959
10425
29816
13069
10123
45814
85755
63152
97001
25046
26285
75130
51548
49335
79468
33906
55145
29452
65434
42475
27803
7949
73524
39405
50856
72920
99914
67247
90618
97832
20159
43191
71811
70248
42637
98409
96216
83965
20600
45331
78087
15039
17685
51079
30216
55584
87522
70264
72404
91076
37314
33332
43763
17092
11988
98020
69942
12854
97086
84105
44242
75483
65462
58703
71059
4635
77166
21989
39868
32032
26327
82475
40688
67159
99296
87149
19135
15521
59851
18556
7626
82406
28490
87874
1491
4977
66316
29766
58810
3265
54280
7883
88859
80302
28702
80652
70670
80012
93909
17805
60093
71012
26829
28561
40954
42929
55250
32803
29988
69893
21275
3411
25389
97120
69522
51520
8618
57180
82132
38235
96559
78261
546
39444
95645
20547
44519
69839
76881
30836
69018
97745
20722
98816
60708
24535
25688
29069
68763
19571
99710
73522
4524
51225
65631
90780
20348
14979
89720
2368
29700
22009
85405
44851
15163
66239
67122
4110
84163
29386
54484
77435
2114
99849
9546
9261
99896
75914
13329
367
8294
79143
26658
59007
70079
23708
96568
67070
95382
54716
48999
81114
91398
33356
42506
43590
64189
47790
47390
90671
65935
14267
1294
90381
81920
99285
12395
18472
73991
60605
30966
94503
2463
14905
48012
25100
85491
88651
55069
74570
24826
15773
4001
84784
30808
39081
19977
73645
1431
47827
958
39875
26400
36784
53632
13540
22144
61905
13983
66798
95080
96334
3313
63686
79320
53560
88936
50867
3984
49518
16666
75897
48065
21216
70017
81668
62871
43107
72821
55104
10334
77831
42723
30411
16433
9463
38374
57709
96867
8241
14562
64184
87628
31741
11262
92705
1830
5548
41662
78850
13750
36448
57173
50175
69498
85010
99848
75304
28794
44067
56582
98287
64511
20590
37862
90370
19186
45930
61492
72034
12910
59241
40400
32298
43912
95643
31125
8651
34798
31024
39717
67679
71645
23156
43755
79076
14831
5059
64205
68596
7370
11306
35416
88436
53583
6650
41847
94124
12573
64852
74257
81687
11520
94059
67926
32564
26184
25036
13015
53370
75043
51155
88776
11429
76621
91661
30787
94842
26501
41168
95332
16393
45108
63068
10673
77041
74170
40199
41240
93294
60702
91525
28243
50608
39102
83168
36638
38530
25758
44301
21880
22457
82494
11337
97989
72191
90777
82448
9393
33632
32159
23672
44992
77838
74029
28674
72616
94957
62241
94728
73511
72048
10237
20449
7389
83574
37158
67223
78963
58025
16493
27869
83653
89223
36589
23871
73310
10195
61591
54237
47633
76176
76129
86642
54992
29220
36890
99156
68024
65225
34118
32898
90115
40698
8110
71634
98874
98595
9897
57161
38504
53202
67622
12127
41578
93495
13123
83259
8979
61828
74136
13199
8349
79372
80532
16255
77288
63890
29240
98604
57444
88033
15107
44945
62960
78067
39029
63281
16466
15413
76452
84945
30352
71672
6011
70897
26407
49114
1341
71354
82809
69408
24573
6988
87534
58313
11871
6227
67377
54032
61620
69804
99019
83190
46116
75504
87761
33366
29825
47167
73800
60384
48222
43284
15896
39304
61577
53143
67762
94538
7931
79419
8986
51333
22295
35040
70870
6760
99033
71141
73026
33599
94074
15124
93400
72476
54150
39662
70272
18446
16230
57321
26209
58558
78149
81164
44025
893
46209
66416
26045
90954
254
6656
74671
74804
71799
85173
35769
17345
3994
17705
79028
50154
11961
49968
26548
53307
11403
24599
30792
68566
75601
21761
35421
89692
99036
95255
2703
50961
23909
46983
24964
72150
34610
25886
98459
20097
53102
9780
69520
20598
21703
95263
58859
1727
72462
14636
71904
92844
53750
90299
29566
92490
23597
72753
75278
92913
14679
53196
91669
89213
42643
88682
11947
59333
52437
21740
10810
39613
20458
97284
72795
94497
75779
67015
21807
38011
51407
67432
68840
89558
86430
83652
93030
96433
64770
18723
7460
15631
94454
26139
618
17506
29598
19891
71347
81769
62628
27515
75401
37856
86322
30150
53033
71959
4625
5956
43170
46604
43958
17206
81104
99155
35397
29989
9152
45025
23701
3947
6324
86568
8206
21540
14132
3475
57840
71381
25920
42377
10760
39437
54207
91391
43539
97940
69549
24163
95265
50831
57130
42603
43584
95719
94181
51664
87409
9536
93183
34211
28704
54243
34500
49956
67168
37961
43644
48516
36365
90149
34987
8843
87389
11958
82207
54226
62996
1201
73752
77076
15967
99999
25045
1781
66174
35269
3146
4136
11355
83229
92201
3171
74643
93868
91484
59484
21233
74822
84119
99717
17050
9680
1477
90145
37115
29293
52001
68799
54216
31100
78865
62607
15697
96722
27881
62409
6124
92411
13638
48962
76336
77942
1732
24578
42628
87456
37910
89003
56807
72200
1888
19477
20011
25755
73952
72679
19724
93929
44905
6359
68666
18725
64356
35670
84440
54297
38217
74847
26216
80126
33246
35457
74887
27039
28761
37487
9290
46707
37392
57617
68655
22148
42596
98292
47430
10962
27013
57311
52115
53171
56608
41601
37720
86601
48003
38153
64818
56737
1598
99157
3831
8522
49794
82114
99732
83435
36405
75864
15104
81382
6584
40915
41310
30604
24367
2539
62937
45301
94459
23898
92128
97906
59293
64518
2773
93912
47595
15955
70427
3694
15331
89775
48988
85315
20346
77896
82784
75755
3042
1318
23268
9662
90148
57384
52826
928
12388
59073
96898
65860
72333
77939
64486
52767
59140
42457
39131
75540
77207
6767
15920
80152
78985
49712
54140
41305
34161
10241
90614
84573
19247
58172
10286
3035
35908
66550
80052
92662
44772
19788
88349
43255
42594
73662
9519
96802
61495
99284
98768
17388
84314
75183
47280
52367
56319
77995
95999
25156
43753
83875
69501
82830
44343
98581
49464
63877
96690
34471
86540
14890
50501
62649
25768
66359
65052
21605
69038
781
43100
49904
18915
74789
81761
56460
40898
61012
42873
1137
38745
7682
20669
4818
34086
18604
49449
88603
41284
19432
22916
46893
73852
73938
78590
39653
18006
51305
67076
75185
2625
23750
27025
92378
93094
45977
51736
90472
63824
49523
63262
42091
21977
38076
42020
82424
41512
86701
62117
47784
60606
78450
55893
39571
19536
25014
72006
2365
16057
24586
37885
52170
71508
26617
66763
14835
51221
10013
89698
59771
67953
64944
27188
34646
43541
74628
92326
14879
45929
88080
91393
53913
64047
923
9000
73848
52889
53273
86596
6296
76405
25386
26579
15241
49824
55009
32679
97209
30321
31859
70403
3289
57226
9705
67805
99465
86814
20183
31547
95990
29110
71033
77284
87789
89130
40951
67870
58997
21486
26042
92478
8439
98801
67196
63336
29701
35053
32028
94182
92661
91018
79409
27908
27758
19293
39848
72676
7977
33505
2275
74985
19012
88617
99223
89300
42952
96213
38258
10021
40787
30489
42087
34632
16062
66291
58456
52788
57235
78932
57581
41077
19100
26196
49667
74859
24505
51777
34776
46000
7506
32529
42294
89086
89952
90945
57183
14942
79947
89050
80048
97576
46065
20103
18047
49033
71048
61729
36206
80455
71748
34841
68580
61842
18990
43275
69671
30152
35215
46731
84123
60216
73595
36802
7119
93588
82284
99413
20724
17838
92331
26882
61020
53509
30906
53925
39776
14888
95984
93075
40821
87105
33713
58315
66424
63150
21052
80729
57947
77245
81229
89718
85476
5192
88826
80005
73824
65497
27533
84780
49623
64930
19464
93305
48835
32592
33051
81541
96386
71917
16753
97778
75911
5914
7384
67062
8257
48031
70947
72067
30304
63333
78740
16590
79239
95758
64589
68781
73829
89674
76154
97375
15164
9846
11375
48753
20181
79189
94142
40348
16265
31468
61340
98664
34105
12687
35900
90530
32042
78862
19873
6773
64826
44392
48125
16444
12274
41471
99748
90640
32560
48681
61854
42193
64865
83820
39389
35834
81002
25807
34356
95738
62767
20235
52002
54929
12574
87311
77598
55634
14049
94700
78927
64529
95052
5790
46714
48870
40673
30556
43438
88213
59267
37407
5455
83274
76879
23312
44318
29617
35764
2023
70655
76681
81275
22520
41029
25671
68820
2740
40443
38486
2262
12245
57532
63211
77983
36899
48776
43168
17906
95748
12020
9165
59103
21295
51435
26523
28133
61541
35160
82997
59117
35332
5318
76247
69955
15555
72738
75407
87570
94768
53252
52316
41362
18044
69750
16232
77421
45334
30047
27393
52590
72445
42426
7643
81416
31849
72031
50436
14882
24512
27800
64563
60982
69314
16420
1704
51354
27814
81244
55855
62838
44701
8609
70768
29250
88499
1495
58781
47612
54193
1665
53192
93165
99238
83907
36020
88337
56367
71802
96659
52192
8069
23063
44041
9186
87528
70306
26858
89594
64911
27784
31724
84368
54621
29639
10296
65734
98553
44083
91315
39047
16914
29748
66339
44581
20871
2972
42018
96407
19742
33658
62366
59733
84251
73159
9131
82625
50465
21222
53832
85738
83189
15997
29851
15188
6292
37760
41226
84269
71423
95112
34122
7084
3868
24668
13263
79821
26394
53474
39764
269
31500
33692
46351
10287
27524
31030
55685
7300
13589
73815
30996
88252
84199
7492
58107
92936
82333
71985
76979
61097
92461
52524
85853
11264
59635
86765
67142
51673
96844
17872
29008
26971
4585
9771
3066
75887
83055
84934
58168
65745
95026
42692
46889
910
55965
8528
39748
74698
79065
94489
18999
24620
85232
86036
88017
17154
22029
6102
17289
5852
99023
15767
4783
96490
62608
45409
19855
53780
62571
11136
51184
61576
50717
89735
97904
67681
59042
56701
87736
1356
11315
15581
44821
53940
95755
45120
50664
75632
626
82161
71680
36016
30181
57863
38150
62003
11196
43321
1854
61505
58077
83974
65053
85227
1708
90079
20139
4385
40684
76779
27728
99956
14216
86594
75062
65210
37516
20935
66859
97393
79455
41746
36647
9097
79513
63074
88865
7754
43771
66406
46197
16185
97781
62545
74749
17960
26997
17954
67291
91914
68691
44171
93821
79258
48422
68649
36102
76036
5149
18542
37140
92453
3483
13467
58232
61665
2583
38779
92399
64612
25119
69377
74786
89926
63847
55935
22529
38518
28010
83217
97353
43479
96741
45951
75746
16201
15973
96439
11012
34577
7589
81442
42793
22953
40099
8938
18322
90468
13441
24850
91361
75370
34864
39584
99018
16657
76668
1193
46631
72411
28581
58870
19173
49427
41504
7518
64396
33950
31093
51380
95121
18412
83883
37452
44562
50539
53267
71120
87372
85350
71253
93123
3190
98672
84032
67057
35180
3473
88924
85071
87081
68308
98134
1669
49730
48047
45132
875
80987
68739
19333
85858
29878
59493
7987
46153
72772
66882
77725
58727
93336
8668
24218
8282
18288
90928
89550
21802
62770
10402
91778
42906
48468
23889
17311
77475
99227
72732
94402
68100
15688
47109
94637
5219
11980
62904
39114
49555
80456
51384
97805
28065
8042
68652
58466
91066
51785
31572
42554
75247
34345
76376
73309
9579
32004
1324
17811
38559
30863
91285
59709
30743
93233
43946
17775
54447
20638
56386
22981
36553
97537
6518
71525
5638
45523
52911
78120
71245
5354
7454
63223
96635
52402
38370
9690
24461
43262
74659
35641
41858
77795
66337
98019
38882
65612
62702
2346
18101
28424
88663
11249
67963
69616
39264
81947
91528
47039
93247
36734
41668
21306
80041
52820
61427
46598
45224
47010
88155
44628
38634
53853
42324
52644
79713
31566
48787
84755
88248
65221
32714
55869
1184
48267
88854
8912
21895
60326
19830
94114
67760
84219
96586
54197
73812
81428
99289
55632
12480
34520
50880
8328
90580
23297
83849
82591
98167
23211
78514
17091
76068
56630
39272
58779
13206
50130
81584
48798
31045
71276
75599
38250
69723
48118
33411
9351
11897
12568
14718
7963
24490
15976
91630
96950
38793
30622
22549
98833
92369
76380
95845
83114
25827
29608
11972
88545
21709
95132
63931
95286
57588
16432
30877
80301
62556
67736
46207
88479
9072
35483
6060
33403
27730
44516
8473
31111
87027
68326
19022
8573
65665
96307
98500
16966
99479
4786
30191
51780
76934
55178
53287
69320
30340
5919
18449
63535
28546
33691
66089
44218
22113
52558
87939
34947
46164
86621
67495
10056
82307
57053
32691
8005
27079
97682
50299
65798
64787
44219
31067
81132
89560
28259
15634
37195
60194
57261
94958
36577
47061
37674
25253
19889
66614
19381
87928
44988
76937
74448
43074
95247
89221
82527
43845
55743
54967
59877
82659
82910
36304
46409
11312
67566
20377
39597
74372
1251
79049
14814
99534
19974
87636
44403
88363
51778
85808
63057
327
54044
10845
95665
81555
35184
26092
38082
81987
5420
9725
46603
9352
28129
10052
13400
26910
36735
38964
88722
69001
59137
29664
40725
3796
66300
69627
20738
32432
94441
61978
217
23606
10691
89687
62979
9890
96536
77980
35096
19499
27460
41692
4400
40331
51489
12069
81421
65534
36803
53957
84975
61712
73951
5041
97028
75657
71043
53229
12547
74691
85535
42493
3966
3589
34715
6673
19680
1679
74011
6126
50708
50756
77655
88563
76898
7437
668
41468
49293
70342
33954
69463
92596
98084
99168
48062
13373
66797
4908
43591
98300
53648
9853
59760
21024
38364
60101
48160
77554
69067
96170
73856
68635
92300
73861
86558
65494
23791
37749
87687
69777
62657
46305
41014
11088
62519
21514
45937
24987
17366
20446
31873
56523
49951
11976
9224
9360
18786
89199
43155
43631
53448
17453
95375
64040
42824
33513
63132
17208
66449
93921
86577
54758
92508
56023
98023
54257
63059
59920
65160
43246
63643
11641
53894
65083
59175
33617
47999
63812
99989
50174
20591
86436
485
66874
53221
75142
33709
29871
66251
62759
50307
82904
75937
32058
59808
39369
23694
81743
43808
76314
69672
65899
21204
8793
53562
57923
6477
79272
225
67558
40638
92037
88094
40497
61037
43690
60115
87482
86116
42005
62267
46301
72964
84002
95357
83749
13290
86974
1288
69829
12791
42144
16570
68570
62495
47690
72255
9885
70867
63465
51494
7824
26349
12004
81253
47925
2750
73901
91218
95188
70512
25080
3149
59741
81193
88326
72626
58726
69505
17970
63629
66846
51367
25303
2487
33244
53246
73428
42075
69800
2557
60169
44585
85545
97103
52877
59631
29912
49655
29644
86720
88812
24151
16490
81203
89554
34629
55470
54998
7898
60890
9743
77850
75101
63383
1480
14050
60918
70967
7039
40061
44522
52493
35229
11631
6954
14628
19430
57028
74976
40919
70652
65336
70704
19580
99476
34865
92025
79599
20257
32860
91838
13089
39887
47507
24121
62585
47278
96948
56115
17638
32083
20350
39818
75943
19812
73179
62323
31422
2461
25560
41937
46134
19058
14319
43604
88182
89296
7085
1906
84731
31119
66006
54987
60695
51189
9738
1695
12803
86317
57056
95868
36210
44602
40655
96259
28947
40661
10960
19874
97777
89963
19029
30383
19154
65988
53348
71551
60154
33470
40335
4183
3983
64266
10976
51091
63047
53739
38118
82394
15566
22794
60802
33095
50040
5139
59982
88234
45594
23786
39220
9538
73914
59121
54388
5039
79300
86764
46723
8063
91171
59079
31105
39770
67752
21268
31898
7513
18801
38652
54752
77910
43054
91182
30834
50624
94261
31781
11663
96495
54883
95690
35917
34133
60958
75841
18571
29590
92392
30870
80760
95588
42583
66920
65095
36504
44277
8963
5092
87857
4914
99674
32503
16845
66161
21625
86834
38532
35343
66683
37980
62489
22955
58768
75879
30295
37623
20425
18039
65617
44414
40222
18475
25562
9257
64083
18055
21950
68623
86746
79625
63899
19548
47951
14673
77507
77707
20782
49363
55460
19054
22360
23677
35909
99853
38502
40808
32905
22304
29209
71448
95655
3205
50814
15277
37378
89071
76711
1035
81217
19450
88791
49307
86187
87739
6850
24763
86732
40937
90915
91981
43210
12870
94990
88440
75025
7691
18486
99436
19793
7134
44011
20509
23584
67148
76912
44978
27733
67797
70884
77979
34968
41257
13
78686
13551
25423
71398
61170
56153
67341
53998
17944
99791
65834
72993
69759
75363
23855
58985
96354
51417
28980
41555
32583
78751
83024
99599
80093
13734
4812
76431
26290
80390
84670
64017
63952
84229
89178
80628
46378
29038
21504
35356
85231
10506
72628
23911
1579
44672
79962
62313
67320
90423
2505
4929
54826
71261
15215
23331
17537
96915
25912
34172
8798
32949
75172
59904
57928
19932
10293
50419
76699
15549
17155
64139
25241
19283
73541
6222
48847
95187
67630
72533
7744
99915
7884
73446
56146
65675
58556
20325
57961
3046
53955
21003
93074
91051
56476
98203
29764
6209
40296
36907
5636
99149
65727
58586
76967
35537
95777
73849
13596
12638
26694
16151
70231
90708
72711
95570
52328
11797
43471
17558
7082
69585
26748
31173
86658
25609
28864
95285
41105
51799
38366
16907
41094
77399
78733
25263
34193
47460
95023
53454
55408
10928
55388
31040
9058
82473
84988
62090
16021
39332
94638
93889
44832
23266
61735
43895
20407
81903
71339
57495
49923
52467
67912
80983
60114
55336
13696
5218
77231
54383
76564
64524
66633
17686
98126
86545
34148
81123
38938
84896
21662
22758
68370
51989
74764
12659
16095
69238
66531
13665
85497
30770
96276
6478
89684
60446
26758
41095
20617
6817
20878
377
82009
49519
9279
52985
21446
21326
54592
32230
75945
62113
82200
56459
55205
77875
15965
61941
61887
31526
65432
71324
89280
76279
55837
27268
42279
89505
15565
6346
5440
42918
20358
62625
83094
14295
7402
66847
35761
85298
25286
89601
94863
16525
19869
38389
22286
13417
37198
95835
64207
75063
18935
49603
18516
97650
66403
32731
5199
5033
49394
62552
54953
5072
39495
78452
25715
66969
18918
7307
76113
98102
65790
22610
32927
67802
50310
38463
5769
43536
10859
91495
74888
5416
21696
18601
71472
42441
16562
79406
24128
17008
95062
85662
86529
94734
62101
66241
17135
14610
99784
82376
61140
15545
38110
32098
10325
45553
31046
92974
47213
39583
18991
87933
54615
7694
42322
1405
1942
11554
81072
90019
36342
22877
67825
46159
17301
82525
38908
44872
82983
78203
28040
97002
93374
36885
97063
29208
42078
34493
39882
15404
69332
92100
52262
76589
99909
38337
92079
29425
43084
73349
98343
78163
55941
91408
12949
51830
1250
68246
84490
82285
86909
43467
99529
9868
79882
35558
19406
44605
83199
37576
74081
14101
5004
20186
34190
78211
54628
85807
33980
56979
56954
49094
16878
56360
79512
78735
29969
58605
58600
70963
58912
25088
26504
44898
67236
66432
53201
63719
76000
83486
46233
67710
87876
56051
46987
38765
24878
13494
18773
12922
73989
67692
38946
55154
82765
48593
31907
41794
48770
8009
39740
18088
75973
21316
85479
34102
27004
5275
87025
96899
51786
76458
81968
63706
54635
21648
60724
52639
63610
84363
22585
39132
93837
36603
9478
86729
68264
43369
54070
3021
34052
24646
37500
68923
78494
71900
59091
38483
97339
22091
11726
21687
27153
14690
16251
71605
67366
52930
3827
56898
64711
45927
75758
34332
85814
83996
55864
39076
36181
53069
71767
89287
48992
66788
54230
44139
30555
82248
43278
59404
70702
61862
16761
42579
99402
30940
77531
85922
79394
2237
95944
48789
68316
35832
7182
50627
28028
47196
9648
32702
23112
84718
54118
76178
63301
69524
78532
37739
12782
71814
97787
24733
88343
66672
9248
31139
79576
73471
55466
24965
58149
6874
28159
31802
49967
1451
21507
10017
73017
62162
76297
28444
2949
73790
16574
93018
46756
484
92726
63751
17267
37343
87495
86903
28326
67405
47941
71682
32335
74669
10111
46825
61107
90109
11098
37616
73042
11077
64683
98433
83545
66780
96363
14801
51156
25330
74450
30820
39707
63282
84615
91422
5369
52609
46211
55138
19097
74466
46652
11864
48237
47169
60651
54405
36692
6235
44154
64696
60171
65256
87713
51181
10632
41
48396
1339
99754
62744
11162
80701
40570
38510
33565
57258
92826
81740
8828
77691
41470
42291
98131
36760
3397
43542
67724
35312
55242
73737
14351
21866
38138
8379
91275
41169
23104
4151
5343
62743
20562
79738
74688
67648
57408
42862
67363
87209
68552
20404
62932
13809
52897
27048
99756
8030
99918
89977
10262
64603
69040
13059
51974
83777
82233
10825
18507
43422
87709
42033
22648
56520
22874
55209
25974
48889
10786
15659
74680
18893
5464
34621
8906
67094
38969
92773
81488
38573
60074
81202
30700
24741
68492
54511
68234
34115
72317
78555
37494
60096
7478
63100
41874
37608
74472
86579
17672
19697
36604
28252
33576
48508
53597
21096
95614
58309
45657
33537
72202
56203
89090
68120
44559
83421
34831
22167
57178
12896
82701
53311
95739
32627
51020
14838
294
98958
24736
16458
90392
94315
61692
52991
44429
72190
42790
28815
20439
10133
39143
95776
25614
23349
23438
87059
63208
63557
8781
68434
42751
40482
76346
63315
94485
45211
5236
80261
40292
36951
44657
84443
4531
52634
55620
29530
87181
32824
97238
6228
44408
50509
19419
61473
40156
55158
31294
83153
28939
57290
80117
55747
12375
21485
96718
30226
95298
99528
99313
53810
78780
88806
83852
35654
60463
3364
44885
14150
35777
13469
23623
80307
7212
59115
75495
38799
43785
59559
86224
59916
31407
97963
46465
31218
21031
77131
3228
10876
4221
50289
30421
61651
21413
41307
42496
72197
69595
13804
71867
39802
27128
40139
25684
81120
72559
9256
18623
96293
89880
23224
85744
65325
4226
84899
9379
47362
45156
6436
15032
19841
18841
28884
67572
62440
7504
78920
60211
26160
87812
54963
22704
2755
29282
4188
35960
25001
84111
45798
12490
62256
21125
84559
82567
61357
30702
34929
75856
22454
55909
86207
13412
76987
67921
99619
24627
97772
38516
45479
66181
83205
13055
41429
89132
24688
45694
93257
69772
58407
62525
92867
8182
44274
53978
24447
67850
2721
79475
55931
67682
13673
83594
98760
99265
17669
44367
25784
67827
24967
19305
98187
14303
81214
70898
21602
60483
47424
60486
57244
7989
19604
3818
43797
18174
33370
66905
27129
41546
73331
13675
24458
67715
64967
22249
75957
42645
84152
66067
56357
85674
8596
73414
38405
43818
83622
98886
32410
16194
27069
54079
9297
54814
41642
50783
90205
66133
11466
27001
9128
40812
16614
61342
96436
60924
53025
86857
62325
82817
78736
50148
76895
64734
57249
23675
84148
76975
9361
13342
72203
96279
31608
97523
48475
72201
97527
75241
63478
49947
96071
5763
38318
5406
50901
89998
77595
33761
56616
18140
73181
68278
50743
45234
92781
80085
49043
34564
74193
87529
24976
67965
78831
83938
77665
60843
58787
92284
87171
65571
98445
26553
17398
24922
29725
25231
19010
28871
89045
53924
4978
83876
29180
4600
83340
7693
74704
42074
23208
88820
89024
29833
71047
72153
32317
53621
9126
61335
12207
79714
17665
3024
80680
51314
12637
39585
66107
41540
68175
38876
47965
69749
6514
1873
27066
30937
62993
83729
32811
53433
79041
10829
94207
55262
69097
38395
45691
71961
56606
72331
72666
85237
89295
28959
43935
29777
68014
26006
3759
16010
83902
13100
56743
40815
81855
95299
13912
29436
80609
95858
62389
354
63479
72530
58907
21364
65416
49527
66166
82046
77171
21882
49250
27062
75965
4427
31707
70690
73895
84621
26383
60252
97197
39329
29862
54154
28946
37313
96978
67781
1947
35778
68802
32379
34266
94544
76155
20016
25110
56454
62318
34109
14682
24503
50835
84262
27275
19615
91549
96567
30289
14313
1944
29223
78313
95577
6657
66972
39490
84005
12194
5824
28513
22800
5734
25332
71727
11369
90451
91156
99686
75573
75707
35696
84592
66183
28187
31538
65769
32010
85122
37858
46258
31811
88961
86789
22983
65936
5085
34861
55610
65597
20378
95841
41663
74188
2101
1080
44828
46490
53586
61893
11852
20875
6790
90405
86047
86007
19188
17217
11777
54324
41487
93377
70006
13200
10607
50771
35853
82341
76062
97921
44665
47715
82175
8924
12168
89305
51793
16647
79761
65028
49795
93544
71152
93753
26844
1370
66007
5368
98081
32423
98613
35904
824
14751
24080
4803
47366
88919
52074
80107
39455
34108
68144
29820
76612
16398
69844
70749
59658
4297
85475
33616
53670
84037
73348
56989
51766
24769
85413
92719
68293
33825
19806
6763
83980
32735
11710
88535
12798
69168
10846
50695
72699
39745
35664
29711
51244
91885
56821
79495
29144
50806
66781
20196
78656
89201
52016
54829
16284
5147
94599
62853
94635
84311
97040
35763
48280
95411
57602
72336
11129
18236
95969
38263
20948
24407
72784
81823
18997
90199
21276
57917
17462
75839
60257
32541
62854
13126
53304
30091
65763
84512
51163
22014
13124
78507
97496
13693
7705
26903
26834
87131
64315
7718
55016
48090
37161
42636
11328
93389
73488
85829
67079
80781
74356
31736
2321
78548
71100
27536
23189
79837
18914
15597
92981
23993
55044
76204
5332
98903
6119
68689
63193
25707
69285
41814
8637
43282
54598
71471
83155
54733
8741
98575
48228
73781
46455
84116
316
60403
34662
6248
51505
74019
29463
21893
27508
40983
11785
43580
10230
86544
39166
96604
68564
80001
85632
49200
87501
58957
74837
45068
81153
25577
29242
67411
92979
3860
69291
69630
81886
22479
79544
51833
79047
55060
85591
3641
32762
8570
81798
22464
8423
54529
84536
96998
29788
26952
62970
80280
80916
98778
85245
23658
58975
41224
82025
60680
59507
94030
87088
25365
87128
32036
31346
11818
97365
37484
80568
70772
43427
82939
15547
14183
85447
15260
71139
96626
92851
44987
63572
84502
43933
13692
88852
68903
91107
71021
78144
48771
90502
30490
91312
55616
75569
93680
30988
40853
17172
36346
86143
68735
2277
45903
92563
31861
95538
98032
18245
13336
72710
41914
22934
90221
61827
69657
22543
21309
297
65812
42698
5631
905
85099
758
98965
96584
11945
37504
68354
41709
64628
96218
20606
51042
54815
43205
51931
32513
4814
49242
83015
74709
69743
57215
13293
19851
50112
58332
70121
94437
606
31020
77906
7253
82500
37714
95615
50533
9262
74767
29812
3791
35108
44419
55758
49726
36909
38356
69057
93207
16856
55309
80906
11673
52031
32316
44170
37131
93804
18540
6378
46145
94129
74590
7190
585
9864
68428
66407
93531
43388
30563
12036
32085
64844
66833
16203
51825
64381
26498
77569
23927
6160
18583
73107
29227
24681
35171
45503
84176
38469
20647
31259
18632
7018
82750
19538
54312
45677
95334
88401
44009
6883
26440
21951
35546
9043
19835
21987
98974
57994
23139
71560
34915
19118
18548
5843
26027
74191
76588
7094
7641
47864
87024
91889
72736
63657
46035
77277
2617
18825
52088
47324
75195
11346
74200
78107
95133
93866
46625
87426
96426
54330
98414
63609
24415
94533
80992
97954
32299
14221
66485
74617
45991
34433
54127
72379
31609
72562
31097
57817
95170
70185
93367
8692
67839
1168
44054
79005
38448
62032
45058
59352
41842
43829
32192
30775
26798
72880
5694
28179
7533
40960
32555
36677
6461
21793
7597
87464
1971
68817
62797
17018
61516
53742
78931
40394
35789
50167
46422
34067
62388
25221
55269
4250
47411
72700
60426
17995
80747
16431
46131
93321
84713
54786
85902
19273
42391
36015
74857
31821
96890
78449
60752
17707
18912
52281
62127
43208
24677
59582
31011
62823
11111
37800
11593
35740
53011
413
24639
15886
38706
76070
20014
69996
56995
64069
14450
29643
75391
89168
11828
89706
15607
28009
82676
76669
65332
10096
82055
74267
59204
40447
19907
94099
75254
61206
65217
33346
98905
5710
71956
82445
29245
2207
3912
60395
38863
97826
63393
31179
61608
16259
68421
16052
17042
16511
79931
55522
40165
14454
30979
99707
79854
21666
79774
59516
89577
47465
48788
56895
46655
93879
1113
6379
83872
54448
52289
77762
45281
12226
18366
23008
11436
94359
16128
52278
50997
78881
12752
81908
26768
52479
37027
55085
18249
49861
60309
47765
32020
37002
79545
3039
34319
41689
22481
37577
67420
30625
27763
57687
62330
85775
62480
91325
15562
98741
58757
70994
19749
15280
39488
55591
75442
69215
22037
9388
9900
26850
7464
16155
87034
74183
27797
92499
34084
60470
93124
76269
10932
61968
33194
97653
54928
93073
15257
57442
48922
65607
80855
41519
64438
9940
52174
40420
77186
65523
89908
40217
92231
87806
39865
15207
64606
37437
39005
79269
35583
69770
42801
61430
996
46229
83224
69130
52018
11517
5495
1815
1750
96545
37524
96883
97459
81497
43601
43317
51052
34594
33471
72365
5456
56519
26899
99861
47349
62376
93304
98341
23605
9191
36584
16215
12134
69420
50076
19546
19561
76927
3665
71971
20687
63322
79976
82332
80491
91215
44718
79529
50431
17309
65547
49013
20271
80311
41442
79871
36561
22140
75071
54128
13390
41267
47640
57143
28260
48573
56513
61892
82826
92598
44876
47572
45074
33636
40955
91228
96146
11513
53028
69773
2847
74256
4627
16139
80306
34518
66764
9392
96748
17497
76446
8921
27976
49919
4684
82581
79698
330
8778
94912
26037
72634
85855
5648
79363
35902
1587
66978
60797
59832
63839
68194
73485
68021
90932
46183
4246
7729
92330
46446
80129
40314
31241
88031
5404
68309
66557
1814
98683
13452
46951
47987
74087
46335
77932
35301
28202
93020
61264
99331
98103
99470
43890
21396
76063
80319
86001
68779
83699
91904
16690
81124
64026
83621
23328
91390
11876
19268
65606
57368
40607
64597
63310
34941
53426
99560
58494
77112
17437
94617
71186
49635
35809
39012
433
4961
62273
70090
62819
24482
74023
29460
52843
77722
77045
34560
94755
56894
17634
86559
45894
2527
4991
8087
31544
24167
33784
88901
24782
32611
70869
58689
26657
78391
14940
17161
99571
9659
13102
74045
17341
47345
34483
96107
76273
10003
35996
33428
31838
39436
73510
97173
77844
16549
86456
55664
67289
89759
13152
51584
54473
86724
39601
68601
42286
21641
97976
32580
92937
77164
97574
38788
71749
9835
53003
85870
76874
63355
940
88082
62005
89728
13686
53444
45531
23543
24035
96997
64212
24278
37925
72672
27377
4637
79577
278
58664
45607
90952
2175
2838
458
91064
36147
6614
6300
44101
38733
69041
85721
35141
49530
85704
25201
83759
60551
35739
6447
85242
1230
25145
15158
62973
40064
16769
45544
80211
77466
37803
20837
72668
50713
25626
67767
99546
80344
41955
63856
57348
55854
26484
98713
74618
58121
51232
17642
61238
799
32197
12493
95325
57828
77
50205
89655
48451
4534
37943
11772
95762
28226
86072
92405
71825
87342
47585
39650
44198
56415
73875
65145
51749
76185
49428
72541
58365
36126
21537
82138
53253
40757
49930
86665
56761
99933
40355
2115
92772
15583
79416
21699
89037
32838
33439
90298
49729
81593
66850
48637
87972
90681
59575
60457
34853
98612
47528
23629
93587
97538
82320
74697
56084
52138
37280
90377
28193
21080
93302
13544
88393
86526
84993
11619
98142
54709
30498
17747
72595
60011
46929
69937
18448
91177
80021
88117
59632
77318
54897
56445
39779
21406
93708
4474
76087
1202
48073
8466
9437
36748
29289
10390
83786
49109
44654
83795
6730
75824
58934
47175
82164
18646
63774
7621
83098
21596
46874
7458
92053
12889
99666
70385
83382
29721
9551
3415
13394
13045
70099
44504
19161
27006
29222
40631
72593
5374
12519
62185
19246
78618
897
60691
79989
77428
35857
41706
3199
24735
87632
65112
7158
45667
77609
53220
36458
26670
67722
29366
69405
52952
51943
57305
89491
96708
69640
26448
46542
68755
86463
14746
50146
15084
38089
97799
23972
4150
13710
54401
33237
39448
54658
74658
8247
81581
65576
24331
90476
11295
22684
64349
13759
8461
16762
63614
24858
49330
60141
69982
77746
95530
70420
11186
98000
60492
69669
24936
97105
29990
59411
26968
70915
91399
61953
7897
13166
34309
48721
28943
13032
72270
23227
64512
60147
72611
8244
36399
80816
12500
76670
81751
94480
67194
88848
36637
57604
15452
40719
9233
27119
33402
8578
5799
89749
66304
34312
36047
60763
64720
23684
81847
85577
73221
19303
89380
9271
82884
44713
7526
12895
50998
57586
47108
7976
58708
15823
52216
98368
62118
55656
5819
75415
70150
13105
56629
70732
36682
453
7037
92017
50105
65036
293
99517
91856
6613
43966
17673
60285
77480
6699
2331
27963
15630
44131
33727
11070
89269
18482
70271
14312
45634
65177
96671
59454
16610
81893
40767
81834
46853
96532
96819
7117
80706
84875
65324
43398
13436
66738
54753
30565
49703
90349
6327
85021
84394
78253
75505
64409
29854
70242
55662
88788
84164
35242
14959
14699
37991
22849
97875
97581
86780
98454
67042
86427
86668
18078
46611
63991
303
64062
98653
16517
90834
74197
19750
67374
31757
22032
74868
17278
64058
48498
45470
58903
62463
98551
48427
26368
42001
53661
83501
82085
22740
95381
74312
79606
4285
38948
71275
12427
45723
55148
79060
83595
76554
52414
54011
89303
50
31825
36216
21365
60514
71458
57773
31990
96687
19597
72742
24900
63667
37632
60778
30399
35574
86885
36648
96539
52333
9931
62465
17908
67424
14815
61952
31133
57287
44168
93065
29188
81073
92195
7679
86465
84548
75946
95789
29508
70861
47952
20888
40773
2205
47356
8263
91835
25093
58335
48494
43984
59940
92642
90585
96972
94464
63928
91058
18901
50634
12378
63545
31657
77357
94542
7283
78813
56168
4164
82462
62230
4577
6628
75248
79107
59640
35968
66656
44057
39352
36774
76142
15536
41985
5643
26064
10853
13753
9537
61713
7217
21482
55038
84880
2581
59620
30393
45872
91521
68979
10606
86423
22921
85131
96981
25410
44923
68075
61499
32206
9957
24406
15564
9483
61883
8644
21261
85737
94419
86989
81611
10251
59561
56161
88164
54506
4477
41359
99022
15772
43729
53663
26397
89049
34076
53010
55233
34691
12326
12612
64157
70550
11345
3320
14151
41715
40566
59385
67804
75445
47872
68680
64343
54573
48506
39503
53540
31839
30077
8150
50532
62788
79333
78596
60063
70070
67656
3047
71321
41680
62564
22912
90981
87306
97416
92382
37655
18151
63698
71338
90100
13550
38693
28289
62037
80239
46165
63570
4122
78004
76348
84768
85219
44072
47995
41234
14491
68896
28893
48804
34239
42293
3393
32894
21285
94268
79364
48667
86294
2287
74465
54755
66190
84479
54960
37591
70459
30058
81197
16933
91554
97427
57005
80231
99097
95318
78138
32904
59985
89197
23480
43128
98862
74831
96139
24877
31717
5358
47435
5762
41176
60913
19677
93875
18598
58076
85973
94446
29302
42094
29776
3938
40574
12607
15081
27544
28496
96481
8250
67599
59383
52931
47870
48775
58114
35061
4712
51295
73093
38895
59703
2339
24683
40800
31503
13218
563
58644
47806
5493
67278
61754
25805
88500
72727
7577
94196
87768
12851
12747
22098
65
8446
70927
27570
56840
22086
37142
92120
78031
89647
36911
11989
89636
15740
54894
19909
46624
14878
28874
30291
89094
30516
49584
87597
86970
72179
38850
42979
71205
84015
24332
80960
26145
11884
30202
92458
18355
53963
69666
90787
60377
35248
8984
4907
75283
15944
51235
39050
2630
24440
92709
19618
47234
27550
60249
31210
27091
52577
50828
13251
97065
39687
29287
68058
564
49355
99889
22997
52275
25090
46334
64136
45585
22364
1900
52388
43034
4661
64862
72188
38669
10236
38222
53330
80528
8625
94102
61790
40330
54947
5535
13919
62288
81736
77235
54744
43806
50942
54565
32313
10961
70122
14475
80822
90793
6541
17090
72425
80870
18179
68342
75873
90596
9142
64339
6476
19235
77373
24671
86057
32522
53529
20523
19975
51532
77687
84451
81936
94457
74751
32310
1047
71792
9448
1272
18986
75014
59450
59501
20127
55692
63384
98755
25250
63484
97013
89828
52697
88537
4720
37585
54578
64968
44324
74815
97240
82985
76652
55041
68137
54180
45213
87470
26551
54966
17863
39340
58101
27703
2214
70062
80654
85120
12769
9980
42933
95877
813
28971
78081
71164
2926
62514
7891
97727
10176
49458
11418
16962
17903
53738
76466
16807
81679
77188
31743
51255
44608
60108
36811
67536
53393
48263
71197
10944
55503
56056
2353
78746
19465
64796
5696
48185
83540
43666
92454
54451
99810
59914
12405
13528
75074
98535
92760
95893
48471
68149
5512
503
55210
24190
62878
34663
73404
93397
27752
94082
26130
62965
22600
15220
95453
57313
45135
90425
31147
96465
96815
51834
8636
22511
7833
92263
35143
55886
96429
95914
64463
33413
31983
70590
28814
84168
36743
97144
94234
2292
41352
43611
84225
97771
77405
19287
55706
6048
53646
30197
50689
19900
44013
15194
32662
54135
40352
66131
54768
78924
22525
79926
79024
38130
28457
74384
15593
65015
10421
98208
71222
29369
61583
46609
92479
507
30199
32766
3715
82858
76715
44044
83740
36823
82382
67365
49371
82185
99919
94678
79091
70568
16760
64019
65082
44840
15615
87516
92778
32738
47327
60109
42897
46110
44787
95824
34558
7830
91475
7548
37047
82585
75689
96824
56290
44854
72127
45222
53677
48704
25990
936
75154
1131
7409
66262
12847
22546
81801
83029
88215
41002
32739
88075
54005
95081
51615
19504
92801
39105
17196
61964
91407
42039
47598
94395
25946
10690
19576
22456
99257
44024
74418
11511
65982
52899
19817
36451
15871
7438
25359
87978
12603
44755
47923
12097
57479
76804
61093
4590
19720
88647
95693
8093
77810
50414
79998
69590
85565
81448
50744
84897
76191
3429
49715
49881
81257
31895
63794
55308
53439
9790
84595
58887
46154
98376
64478
29568
10766
61661
54254
79803
95004
51033
42446
81224
73466
83884
53593
35992
87280
20915
2748
26985
46564
27462
25880
61944
1691
80679
39398
39804
88959
83285
80824
24257
89290
51624
97122
57419
16403
37340
60205
6923
75218
15599
46198
59389
86394
45669
68131
75532
30348
82727
56207
94393
66129
57141
62515
11873
44313
73293
502
89272
65005
21872
93362
1609
16214
8666
7634
2924
96517
53237
41829
227
91356
29525
89605
18226
39523
71236
78353
70719
54252
85597
48953
42947
43225
31332
75518
77686
9560
57233
28336
28850
90168
25415
69812
14847
22645
13985
55880
47603
10740
61377
63753
45042
77743
89408
5122
62455
59521
74397
37602
59368
93364
73915
19833
81044
10341
85194
95774
26391
95423
75575
51192
33296
6868
41862
55823
86141
52442
13565
52119
73099
92795
96362
4575
90686
71601
26877
83848
23307
64128
64031
5510
67894
59462
19298
42552
21118
99145
32685
39060
30802
33231
82979
40414
20776
72752
91903
43088
64448
93011
22165
97076
72830
25845
86691
22636
86760
23662
44266
3988
98434
10635
846
75733
81536
81313
87778
588
10651
93584
87481
10597
18042
63496
73998
7702
46759
65797
91782
90250
75678
2279
24666
15504
80088
987
45473
52185
93971
69791
42631
10593
405
36186
21846
74726
60195
73342
53514
83363
7825
78115
52428
12454
72280
87657
50666
42098
26666
44897
44834
58021
24295
41206
50476
81676
10246
1994
64798
82225
16271
39954
18248
87323
16567
3504
44575
56300
61912
5752
37871
54442
27979
80686
52460
97279
95838
54225
80034
43796
21192
53114
38403
88612
31697
466
61251
43680
89815
60434
58398
77274
31837
35607
64861
71503
70508
51190
26427
25364
47774
54955
50269
76708
2181
81568
69793
98357
62225
63870
30418
18302
5257
91991
71240
57746
53683
33813
85877
84994
87115
35757
25822
2600
42613
51725
44027
72675
65840
29965
10817
90890
9177
68992
76824
8272
79868
57086
10799
72671
11561
9774
20889
87830
39549
94399
46126
73997
31518
33662
15622
18485
44165
28847
58291
16276
60180
78892
91693
24894
29813
9948
37914
40052
32883
63579
74294
49948
51382
19821
36879
99011
89944
320
75748
2744
82807
57610
95319
70254
87503
95812
59290
40721
18759
92527
17991
77181
35969
76378
92488
10791
89528
23088
65702
29139
39031
27351
28983
75284
28963
11454
50797
51733
84742
86687
9287
78
22820
84924
23829
55183
96732
17679
34288
19728
12358
63411
8808
9214
31234
41816
36001
89503
66308
85138
29353
18653
10991
75725
82505
38048
89454
51800
43345
86022
13746
87701
79026
4955
94892
54873
36257
68444
6299
91824
56496
70993
14990
75797
97117
73479
89109
30688
39677
33462
53920
54828
85589
2563
47469
27205
10957
96288
8271
63854
3622
66348
45053
37578
42588
27244
83227
49918
65415
81832
44162
45831
40689
6946
49343
14298
2766
49719
55873
51917
72980
23508
15318
67835
39150
57833
17712
40095
6975
42081
43752
72957
64713
33161
56671
40704
68128
54526
22145
16908
56202
86291
6753
98455
5227
83937
84364
67654
64947
67339
45380
99434
78500
45513
55995
66373
39189
72062
48400
28613
42041
95900
54995
74783
32628
41831
95884
57292
71609
58058
60078
92224
45219
78439
66809
96670
99789
23523
62873
72534
71839
33089
9664
85705
85276
17421
78061
23577
95724
60228
31206
82378
2946
83497
17492
91050
48559
93523
94204
94131
53863
92609
73877
39403
37342
12
25628
26884
22160
58062
3812
89627
12232
91918
39208
71520
64080
78300
84483
44157
92594
62987
24418
54240
95017
8568
96789
40148
9285
5220
87845
36152
24842
31264
9811
25154
59096
87875
62668
50751
43645
41988
4885
77179
82748
50519
71926
38932
66661
25482
61151
9585
14241
50925
234
67347
8274
25581
51141
75692
19035
21127
22778
20561
66600
18098
7767
65656
79491
90548
96745
48535
13674
17295
53897
46601
2270
53836
93077
47273
82528
63596
59232
75216
54749
34870
91546
13978
91923
40257
37330
4290
17121
63684
92734
81192
8931
38813
45389
38601
14640
10353
57483
4083
69384
76858
57647
92462
1965
55593
85104
15006
23380
24112
21332
11408
31107
46168
33265
16269
51466
91692
73209
95491
71442
41897
5157
57920
8655
16993
17107
40643
88320
41357
45575
4261
50421
13834
30788
65722
24523
50747
92973
68207
28800
69859
99266
88674
91163
91683
1657
19752
14285
63159
40087
96043
47578
77336
6776
85741
68989
40535
71905
54476
88712
86178
55558
14274
15718
2546
16377
38257
39068
19322
40053
8598
33802
25149
99865
67474
72507
34718
2809
43897
95873
99693
10328
95656
51982
73902
3853
4211
46327
96610
65268
44160
69056
84920
40648
82610
51755
71394
89412
57306
59825
54056
56068
40113
98410
9106
42027
14392
82452
61962
53860
61066
3965
95108
44625
27441
49434
21163
3306
86184
72836
89331
93615
70347
31991
98606
72648
46250
82667
6533
48785
14981
13382
2447
5453
41207
73760
26159
5667
14748
21984
54560
18182
20982
10923
66309
9395
74877
41945
3881
78660
49000
83254
64010
34388
47138
25648
41185
35941
7841
53087
83757
29790
6328
82794
16912
62924
19795
52050
10627
16395
24457
86013
22553
88250
13457
22957
51111
83873
13216
96777
78095
37328
12880
24762
49172
89950
67829
67000
4559
27557
77713
46646
324
2950
30908
454
20774
16542
16619
63507
51984
66940
75227
33814
95053
25790
76765
96716
59759
31636
21647
82906
95557
6587
75656
84726
74841
22701
5716
84770
90120
32787
42970
41685
95903
35265
24321
83880
80038
84334
60268
2999
27789
39223
92715
76896
42220
62845
55340
59813
14158
95412
53342
13202
34748
95996
7404
73755
19890
31265
22290
79942
50704
94328
51084
10728
95552
35174
39104
76773
26093
97899
17333
42331
1950
36636
29184
22710
95377
97454
10104
58482
74667
9645
67180
3462
90064
17434
47868
30920
85391
6402
60832
36549
24040
86578
4504
89798
40593
63820
40068
54009
37742
98567
64698
62304
75430
42178
59020
45440
31525
59586
21330
13511
39702
22933
32370
53532
26810
26738
85277
26301
74647
19431
25171
2209
14852
73744
32184
88184
76576
4641
98104
76041
13319
41119
77553
36673
18992
76136
22172
99603
81569
14237
26520
99212
80123
48415
24164
72162
58452
52218
28282
17949
59379
43367
22714
53933
74167
50844
8717
2159
28945
82991
31879
92468
47756
32908
93106
54299
20490
24568
28752
81263
80276
93714
73295
34317
42153
77830
60435
66212
52066
24001
74007
49896
43131
41210
22998
55251
8370
31055
32433
69644
69380
61711
5418
34705
44008
25054
86689
72296
19141
70608
31053
16112
55241
89317
38662
28566
31478
83953
85556
39458
75091
52017
50316
66975
50694
14968
84150
98600
14092
37365
84972
25285
35188
