226
639
658
234
944
491
40
162
938
570
191
960
342
240
652
14
828
361
939
559
569
428
819
52
505
649
372
946
576
544
961
60
540
940
502
25
441
480
943
983
275
758
697
395
919
501
307
235
612
688
495
921
302
541
590
128
925
856
261
478
170
762
651
922
997
680
51
503
627
463
916
903
273
733
616
217
383
510
858
125
400
666
965
904
68
876
624
484
133
120
692
772
438
723
166
46
202
971
954
420
329
435
498
875
303
737
545
75
665
682
198
316
806
143
203
963
483
797
436
838
783
663
451
224
414
326
647
29
755
293
611
955
208
992
314
418
94
694
281
232
648
299
516
252
751
497
408
199
958
331
741
684
969
292
23
937
843
367
276
811
210
254
592
581
328
947
712
330
431
149
91
417
857
28
100
928
907
402
396
381
893
300
258
593
950
101
272
448
724
747
932
613
988
585
169
895
148
70
798
7
87
76
833
787
709
5
580
717
731
518
432
430
366
56
642
522
93
839
891
786
295
194
39
399
114
899
626
653
2
520
805
86
319
675
65
461
987
393
526
471
543
74
72
43
248
200
804
831
286
705
549
670
645
571
669
434
674
679
298
211
373
8
914
574
672
111
554
34
216
830
933
487
297
157
909
970
260
743
888
788
102
115
558
999
20
977
47
567
884
429
609
513
289
246
412
77
880
158
900
568
387
662
784
26
496
923
595
334
426
594
953
824
439
81
930
628
794
869
550
531
450
324
725
728
766
968
190
163
257
622
707
192
890
721
469
757
67
144
279
308
196
864
392
271
913
732
140
563
106
560
327
489
344
82
108
986
369
579
887
280
506
153
555
17
985
727
660
227
187
241
773
676
710
634
16
229
926
357
795
62
142
507
822
444
405
521
464
686
233
596
270
264
494
929
50
589
664
974
523
123
134
956
323
729
877
242
406
702
821
131
290
161
37
470
492
782
129
524
95
10
378
617
350
164
874
539
27
146
423
607
349
740
147
353
547
827
154
906
253
752
48
742
536
422
35
998
225
637
720
320
841
949
45
698
18
304
979
867
779
447
89
941
195
457
897
173
835
606
625
754
362
854
325
318
104
79
972
584
718
69
355
704
587
942
390
1
212
150
71
278
119
945
33
137
145
15
384
416
809
338
535
456
177
371
296
500
178
770
934
619
879
363
668
343
514
533
706
588
374
389
685
517
465
228
425
398
476
603
959
107
610
572
339
546
768
403
152
181
826
865
454
601
678
886
322
462
656
918
287
66
151
122
220
96
803
110
750
138
859
691
990
340
620
901
689
687
790
141
376
31
816
631
445
78
855
850
189
995
948
306
364
681
781
836
455
851
920
112
188
288
121
690
466
207
223
586
527
807
485
868
105
250
532
57
433
708
294
59
771
345
6
882
83
655
237
209
301
97
269
608
633
931
84
530
88
473
745
764
735
562
870
640
602
528
12
421
509
222
769
156
671
800
565
892
842
801
204
964
449
542
548
598
817
213
701
44
218
446
184
915
793
116
30
700
499
650
604
578
321
661
657
951
219
905
130
282
244
739
615
575
789
774
382
359
714
935
605
775
746
599
197
193
356
812
411
748
618
810
845
872
982
453
703
452
713
699
160
984
247
175
894
99
354
861
98
263
561
206
32
1000
778
749
693
472
312
413
239
860
695
132
538
814
230
313
908
760
677
791
924
285
231
763
552
583
853
61
391
386
573
41
551
440
9
635
761
600
780
127
912
623
479
883
401
214
176
155
785
266
726
467
736
654
614
802
360
973
346
352
284
730
597
103
486
852
994
167
159
474
981
564
317
989
644
126
753
54
815
38
630
186
80
335
808
180
847
529
493
490
776
767
962
305
917
777
967
375
482
58
889
332
996
42
910
21
268
557
458
174
437
183
641
511
553
885
243
799
976
792
336
515
837
667
53
512
849
251
427
556
873
537
109
283
734
365
823
185
394
898
460
215
388
139
952
385
341
182
370
475
846
696
477
993
337
591
829
504
124
24
722
419
13
380
991
347
36
443
19
481
621
902
582
566
309
348
136
117
379
966
683
277
844
848
238
813
118
643
896
825
377
410
519
715
221
911
638
415
840
135
820
632
358
351
256
744
646
673
236
832
85
265
459
64
716
92
168
49
636
468
738
442
409
759
756
165
249
172
201
4
629
267
719
11
397
525
333
711
245
310
577
407
957
73
534
262
22
424
259
3
488
765
927
55
63
878
171
311
881
866
980
368
796
90
818
871
274
291
936
508
659
179
205
113
975
834
862
978
315
255
404
863